energy(#app_nue_sig)<
@energy=
{0,	98	, 0	, 0	, 0	, 0	, 0	, 0	, 0	, 0	, 0	, 0	, 0	, 0	, 0	, 0	, 0	, 0	, 0	, 0	, 0	, 0	, 0	, 0	, 0	, 0	, 0	, 0	, 0	, 0	, 0	, 0	, 0	, 0	, 0	, 0	, 0	, 0	, 0	, 0	, 0	, 0	, 0	, 0	, 0	, 0	, 0	, 0	, 0	, 0	, 0	, 0	, 0	, 0	, 0	, 0	, 0	, 0	, 0	, 0	, 0	, 0	, 0	, 0	, 0	, 0	, 0	, 0	, 0	, 0	, 0	, 0	, 0	, 0	, 0	, 0	, 0	, 0	, 0	, 0	, 0	, 0	, 0	, 0	, 0	, 0	, 0	, 0	, 0	, 0	, 0	, 0	, 0	, 0	, 0	, 0	, 0	, 0	, 0	, 0	, 0	}:
{0,	98	, 0	, 0	, 0	, 0	, 0	, 0	, 0	, 0	, 0	, 0	, 0	, 0	, 0	, 0	, 0	, 0	, 0	, 0	, 0	, 0	, 0	, 0	, 0	, 0	, 0	, 0	, 0	, 0	, 0	, 0	, 0	, 0	, 0	, 0	, 0	, 0	, 0	, 0	, 0	, 0	, 0	, 0	, 0	, 0	, 0	, 0	, 0	, 0	, 0	, 0	, 0	, 0	, 0	, 0	, 0	, 0	, 0	, 0	, 0	, 0	, 0	, 0	, 0	, 0	, 0	, 0	, 0	, 0	, 0	, 0	, 0	, 0	, 0	, 0	, 0	, 0	, 0	, 0	, 0	, 0	, 0	, 0	, 0	, 0	, 0	, 0	, 0	, 0	, 0	, 0	, 0	, 0	, 0	, 0	, 0	, 0	, 0	, 0	, 0	}:
{0,	98	, 0	, 0	, 0	, 0	, 0.0126775	, 0.00497203	, 0.00040449	, 0	, 0	, 0	, 0	, 0	, 0	, 0	, 0	, 0	, 0	, 0	, 0	, 0	, 0	, 0	, 0	, 0	, 0	, 0	, 0	, 0	, 0	, 0	, 0	, 0	, 0	, 0	, 0	, 0	, 0	, 0	, 0	, 0	, 0	, 0	, 0	, 0	, 0	, 0	, 0	, 0	, 0	, 0	, 0	, 0	, 0	, 0	, 0	, 0	, 0	, 0	, 0	, 0	, 0	, 0	, 0	, 0	, 0	, 0	, 0	, 0	, 0	, 0	, 0	, 0	, 0	, 0	, 0	, 0	, 0	, 0	, 0	, 0	, 0	, 0	, 0	, 0	, 0	, 0	, 0	, 0	, 0	, 0	, 0	, 0	, 0	, 0	, 0	, 0	, 0	, 0	, 0	}:
{0,	98	, 0	, 0	, 0	, 0	, 0.220081	, 0.14046	, 0.0339771	, 0.00479721	, 0.000698487	, 0	, 0	, 0	, 0	, 0	, 0	, 0	, 0	, 0	, 0	, 0	, 0	, 0	, 0	, 0	, 0	, 0	, 0	, 0	, 0	, 0	, 0	, 0	, 0	, 0	, 0	, 0	, 0	, 0	, 0	, 0	, 0	, 0	, 0	, 0	, 0	, 0	, 0	, 0	, 0	, 0	, 0	, 0	, 0	, 0	, 0	, 0	, 0	, 0	, 0	, 0	, 0	, 0	, 0	, 0	, 0	, 0	, 0	, 0	, 0	, 0	, 0	, 0	, 0	, 0	, 0	, 0	, 0	, 0	, 0	, 0	, 0	, 0	, 0	, 0	, 0	, 0	, 0	, 0	, 0	, 0	, 0	, 0	, 0	, 0	, 0	, 0	, 0	, 0	, 0	}:
{0,	98	, 0	, 0	, 0	, 0	, 0.766734	, 0.557986	, 0.22793	, 0.084867	, 0.0246799	, 0.00590565	, 0.00126506	, 0.000248973	, 0	, 0	, 0	, 0	, 0	, 0	, 0	, 0	, 0	, 0	, 0	, 0	, 0	, 0	, 0	, 0	, 0	, 0	, 0	, 0	, 0	, 0	, 0	, 0	, 0	, 0	, 0	, 0	, 0	, 0	, 0	, 0	, 0	, 0	, 0	, 0	, 0	, 0	, 0	, 0	, 0	, 0	, 0	, 0	, 0	, 0	, 0	, 0	, 0	, 0	, 0	, 0	, 0	, 0	, 0	, 0	, 0	, 0	, 0	, 0	, 0	, 0	, 0	, 0	, 0	, 0	, 0	, 0	, 0	, 0	, 0	, 0	, 0	, 0	, 0	, 0	, 0	, 0	, 0	, 0	, 0	, 0	, 0	, 0	, 0	, 0	, 0	}:
{0,	98	, 0	, 0	, 0	, 0	, 0	, 0.295587	, 0.528163	, 0.274924	, 0.134109	, 0.0513504	, 0.0209069	, 0.00703349	, 0.00164757	, 0.00151976	, 0	, 0	, 0	, 0	, 0	, 0	, 0	, 0	, 0	, 0	, 0	, 0	, 0	, 0	, 0	, 0	, 0	, 0	, 0	, 0	, 0	, 0	, 0	, 0	, 0	, 0	, 0	, 0	, 0	, 0	, 0	, 0	, 0	, 0	, 0	, 0	, 0	, 0	, 0	, 0	, 0	, 0	, 0	, 0	, 0	, 0	, 0	, 0	, 0	, 0	, 0	, 0	, 0	, 0	, 0	, 0	, 0	, 0	, 0	, 0	, 0	, 0	, 0	, 0	, 0	, 0	, 0	, 0	, 0	, 0	, 0	, 0	, 0	, 0	, 0	, 0	, 0	, 0	, 0	, 0	, 0	, 0	, 0	, 0	, 0	}:
{0,	98	, 0	, 0	, 0	, 0	, 0	, 0.000621504	, 0.207908	, 0.48321	, 0.291191	, 0.168311	, 0.0894867	, 0.0403959	, 0.0193964	, 0.00911854	, 0	, 0	, 0	, 0	, 0	, 0	, 0	, 0	, 0	, 0	, 0	, 0	, 0	, 0	, 0	, 0	, 0	, 0	, 0	, 0	, 0	, 0	, 0	, 0	, 0	, 0	, 0	, 0	, 0	, 0	, 0	, 0	, 0	, 0	, 0	, 0	, 0	, 0	, 0	, 0	, 0	, 0	, 0	, 0	, 0	, 0	, 0	, 0	, 0	, 0	, 0	, 0	, 0	, 0	, 0	, 0	, 0	, 0	, 0	, 0	, 0	, 0	, 0	, 0	, 0	, 0	, 0	, 0	, 0	, 0	, 0	, 0	, 0	, 0	, 0	, 0	, 0	, 0	, 0	, 0	, 0	, 0	, 0	, 0	, 0	}:
{0,	98	, 0	, 0	, 0	, 0	, 0.000507099	, 0.000124301	, 0.00080898	, 0.151505	, 0.434614	, 0.288369	, 0.179839	, 0.110731	, 0.0651539	, 0.0455927	, 0.0179775	, 0.00402414	, 0	, 0.00361664	, 0	, 0	, 0	, 0	, 0	, 0	, 0	, 0	, 0	, 0	, 0	, 0	, 0	, 0	, 0	, 0	, 0	, 0	, 0	, 0	, 0	, 0	, 0	, 0	, 0	, 0	, 0	, 0	, 0	, 0	, 0	, 0	, 0	, 0	, 0	, 0	, 0	, 0	, 0	, 0	, 0	, 0	, 0	, 0	, 0	, 0	, 0	, 0	, 0	, 0	, 0	, 0	, 0	, 0	, 0	, 0	, 0	, 0	, 0	, 0	, 0	, 0	, 0	, 0	, 0	, 0	, 0	, 0	, 0	, 0	, 0	, 0	, 0	, 0	, 0	, 0	, 0	, 0	, 0	, 0	, 0	}:
{0,	98	, 0	, 0	, 0	, 0	, 0	, 0.000248602	, 0.000303367	, 0.000610554	, 0.114474	, 0.40144	, 0.280245	, 0.19868	, 0.140418	, 0.0835866	, 0.0426966	, 0.0100604	, 0.00713012	, 0.00542495	, 0	, 0	, 0	, 0	, 0	, 0	, 0	, 0	, 0	, 0	, 0	, 0	, 0	, 0	, 0	, 0	, 0	, 0	, 0	, 0	, 0	, 0	, 0	, 0	, 0	, 0	, 0	, 0	, 0	, 0	, 0	, 0	, 0	, 0	, 0	, 0	, 0	, 0	, 0	, 0	, 0	, 0	, 0	, 0	, 0	, 0	, 0	, 0	, 0	, 0	, 0	, 0	, 0	, 0	, 0	, 0	, 0	, 0	, 0	, 0	, 0	, 0	, 0	, 0	, 0	, 0	, 0	, 0	, 0	, 0	, 0	, 0	, 0	, 0	, 0	, 0	, 0	, 0	, 0	, 0	, 0	}:
{0,	98	, 0	, 0	, 0	, 0	, 0	, 0	, 0.000505612	, 0	, 0	, 0.0843356	, 0.362474	, 0.269451	, 0.220774	, 0.147416	, 0.0966292	, 0.0462777	, 0.026738	, 0.0144665	, 0.0085034	, 0.0034188	, 0.00161551	, 0	, 0	, 0	, 0	, 0	, 0	, 0	, 0	, 0	, 0	, 0	, 0	, 0	, 0	, 0	, 0	, 0	, 0	, 0	, 0	, 0	, 0	, 0	, 0	, 0	, 0	, 0	, 0	, 0	, 0	, 0	, 0	, 0	, 0	, 0	, 0	, 0	, 0	, 0	, 0	, 0	, 0	, 0	, 0	, 0	, 0	, 0	, 0	, 0	, 0	, 0	, 0	, 0	, 0	, 0	, 0	, 0	, 0	, 0	, 0	, 0	, 0	, 0	, 0	, 0	, 0	, 0	, 0	, 0	, 0	, 0	, 0	, 0	, 0	, 0	, 0	, 0	, 0	}:
{0,	98	, 0	, 0	, 0	, 0	, 0	, 0	, 0	, 8.7222e-05	, 7.76096e-05	, 7.20202e-05	, 0.0657168	, 0.330636	, 0.265409	, 0.206687	, 0.157303	, 0.102616	, 0.0623886	, 0.0361664	, 0.0289116	, 0.017094	, 0.00323102	, 0.00662252	, 0	, 0	, 0	, 0	, 0	, 0	, 0	, 0	, 0	, 0	, 0	, 0	, 0	, 0	, 0	, 0	, 0	, 0	, 0	, 0	, 0	, 0	, 0	, 0	, 0	, 0	, 0	, 0	, 0	, 0	, 0	, 0	, 0	, 0	, 0	, 0	, 0	, 0	, 0	, 0	, 0	, 0	, 0	, 0	, 0	, 0	, 0	, 0	, 0	, 0	, 0	, 0	, 0	, 0	, 0	, 0	, 0	, 0	, 0	, 0	, 0	, 0	, 0	, 0	, 0	, 0	, 0	, 0	, 0	, 0	, 0	, 0	, 0	, 0	, 0	, 0	, 0	}:
{0,	98	, 0	, 0	, 0	, 0	, 0	, 0	, 0	, 0	, 0.000155219	, 0.00014404	, 0	, 0.0427611	, 0.279937	, 0.241641	, 0.168539	, 0.158954	, 0.112299	, 0.0614828	, 0.0544218	, 0.0358974	, 0.0226171	, 0.00662252	, 0.00651466	, 0.0060423	, 0.00469484	, 0.00148368	, 0.00151745	, 0	, 0	, 0	, 0	, 0	, 0	, 0	, 0	, 0	, 0	, 0	, 0	, 0	, 0	, 0	, 0	, 0	, 0	, 0	, 0	, 0	, 0	, 0	, 0	, 0	, 0	, 0	, 0	, 0	, 0	, 0	, 0	, 0	, 0	, 0	, 0	, 0	, 0	, 0	, 0	, 0	, 0	, 0	, 0	, 0	, 0	, 0	, 0	, 0	, 0	, 0	, 0	, 0	, 0	, 0	, 0	, 0	, 0	, 0	, 0	, 0	, 0	, 0	, 0	, 0	, 0	, 0	, 0	, 0	, 0	, 0	, 0	}:
{0,	98	, 0	, 0	, 0	, 0	, 0	, 0	, 0	, 0	, 0	, 7.20202e-05	, 6.65823e-05	, 0	, 0.00703962	, 0.243161	, 0.2	, 0.195171	, 0.135472	, 0.110307	, 0.0833333	, 0.0512821	, 0.0500808	, 0.0231788	, 0.00651466	, 0.00755287	, 0.00312989	, 0.0074184	, 0.0030349	, 0	, 0	, 0	, 0	, 0	, 0	, 0	, 0	, 0	, 0	, 0	, 0	, 0	, 0	, 0	, 0	, 0	, 0	, 0	, 0	, 0	, 0	, 0	, 0	, 0	, 0	, 0	, 0	, 0	, 0	, 0	, 0	, 0	, 0	, 0	, 0	, 0	, 0	, 0	, 0	, 0	, 0	, 0	, 0	, 0	, 0	, 0	, 0	, 0	, 0	, 0	, 0	, 0	, 0	, 0	, 0	, 0	, 0	, 0	, 0	, 0	, 0	, 0	, 0	, 0	, 0	, 0	, 0	, 0	, 0	, 0	, 0	}:
{0,	98	, 0	, 0	, 0	, 0	, 0	, 0	, 0	, 0	, 0	, 0	, 0	, 6.22432e-05	, 7.48895e-05	, 0.0151976	, 0.280899	, 0.265594	, 0.196078	, 0.130199	, 0.103741	, 0.0598291	, 0.0500808	, 0.0562914	, 0.0276873	, 0.0302115	, 0.00938967	, 0.00593472	, 0.00455235	, 0	, 0.00149925	, 0	, 0	, 0	, 0	, 0	, 0	, 0	, 0	, 0	, 0	, 0	, 0	, 0	, 0	, 0	, 0	, 0	, 0	, 0	, 0	, 0	, 0	, 0	, 0	, 0	, 0	, 0	, 0	, 0	, 0	, 0	, 0	, 0	, 0	, 0	, 0	, 0	, 0	, 0	, 0	, 0	, 0	, 0	, 0	, 0	, 0	, 0	, 0	, 0	, 0	, 0	, 0	, 0	, 0	, 0	, 0	, 0	, 0	, 0	, 0	, 0	, 0	, 0	, 0	, 0	, 0	, 0	, 0	, 0	, 0	}:
{0,	98	, 0	, 0	, 0	, 0	, 0	, 0	, 0	, 0	, 0	, 0	, 0	, 0	, 0.000149779	, 0.00151976	, 0.0337079	, 0.209256	, 0.212121	, 0.18264	, 0.14966	, 0.109402	, 0.0969305	, 0.0728477	, 0.0553746	, 0.0392749	, 0.0187793	, 0.0118694	, 0.00455235	, 0.00903614	, 0.00149925	, 0.00293686	, 0	, 0.00150602	, 0.0015015	, 0	, 0	, 0	, 0	, 0	, 0	, 0	, 0	, 0	, 0	, 0	, 0	, 0	, 0	, 0	, 0	, 0	, 0	, 0	, 0	, 0	, 0	, 0	, 0	, 0	, 0	, 0	, 0	, 0	, 0	, 0	, 0	, 0	, 0	, 0	, 0	, 0	, 0	, 0	, 0	, 0	, 0	, 0	, 0	, 0	, 0	, 0	, 0	, 0	, 0	, 0	, 0	, 0	, 0	, 0	, 0	, 0	, 0	, 0	, 0	, 0	, 0	, 0	, 0	, 0	, 0	}:
{0,	98	, 0	, 0	, 0	, 0	, 0	, 0	, 0	, 0	, 0	, 0	, 0	, 0	, 0	, 0.00303951	, 0.00224719	, 0.00603622	, 0.235294	, 0.227848	, 0.210884	, 0.133333	, 0.11147	, 0.0910596	, 0.0667752	, 0.0619335	, 0.0375587	, 0.0311573	, 0.0151745	, 0.00903614	, 0.0089955	, 0.00440529	, 0	, 0	, 0.0015015	, 0	, 0	, 0	, 0.00160514	, 0	, 0	, 0	, 0	, 0	, 0	, 0	, 0	, 0	, 0	, 0	, 0	, 0	, 0	, 0	, 0	, 0	, 0	, 0	, 0	, 0	, 0	, 0	, 0	, 0	, 0	, 0	, 0	, 0	, 0	, 0	, 0	, 0	, 0	, 0	, 0	, 0	, 0	, 0	, 0	, 0	, 0	, 0	, 0	, 0	, 0	, 0	, 0	, 0	, 0	, 0	, 0	, 0	, 0	, 0	, 0	, 0	, 0	, 0	, 0	, 0	, 0	}:
{0,	98	, 0	, 0	, 0	, 0	, 0	, 0	, 0	, 0	, 0	, 0	, 0	, 0	, 0	, 0.00151976	, 0	, 0.00201207	, 0.00713012	, 0.211573	, 0.185374	, 0.196581	, 0.148627	, 0.120861	, 0.0993485	, 0.0619335	, 0.056338	, 0.0504451	, 0.0257967	, 0.0210843	, 0.0194903	, 0.0117474	, 0.00858369	, 0.00451807	, 0.0045045	, 0.00312012	, 0.00142045	, 0.00153374	, 0	, 0	, 0	, 0	, 0	, 0	, 0	, 0	, 0	, 0	, 0	, 0	, 0	, 0	, 0	, 0	, 0	, 0	, 0	, 0	, 0	, 0	, 0	, 0	, 0	, 0	, 0	, 0	, 0	, 0	, 0	, 0	, 0	, 0	, 0	, 0	, 0	, 0	, 0	, 0	, 0	, 0	, 0	, 0	, 0	, 0	, 0	, 0	, 0	, 0	, 0	, 0	, 0	, 0	, 0	, 0	, 0	, 0	, 0	, 0	, 0	, 0	, 0	}:
{0,	98	, 0	, 0	, 0	, 0	, 0	, 0	, 0	, 0	, 0	, 0	, 0	, 0	, 0	, 0	, 0	, 0	, 0.00356506	, 0.0144665	, 0.164966	, 0.210256	, 0.184168	, 0.152318	, 0.112378	, 0.0966767	, 0.0625978	, 0.0563798	, 0.0637329	, 0.0346386	, 0.017991	, 0.0132159	, 0.0128755	, 0.0060241	, 0.0045045	, 0.00624025	, 0.00142045	, 0	, 0.00160514	, 0	, 0	, 0	, 0	, 0	, 0	, 0	, 0	, 0	, 0	, 0	, 0	, 0	, 0	, 0	, 0	, 0	, 0	, 0	, 0	, 0	, 0	, 0	, 0	, 0	, 0	, 0	, 0	, 0	, 0	, 0	, 0	, 0	, 0	, 0	, 0	, 0	, 0	, 0	, 0	, 0	, 0	, 0	, 0	, 0	, 0	, 0	, 0	, 0	, 0	, 0	, 0	, 0	, 0	, 0	, 0	, 0	, 0	, 0	, 0	, 0	, 0	}:
{0,	98	, 0	, 0	, 0	, 0	, 0	, 0	, 0	, 0	, 0	, 0	, 0	, 0	, 0	, 0	, 0	, 0	, 0.00178253	, 0	, 0.00680272	, 0.179487	, 0.187399	, 0.155629	, 0.164495	, 0.111782	, 0.0970266	, 0.0652819	, 0.047041	, 0.0527108	, 0.0374813	, 0.041116	, 0.0200286	, 0.0180723	, 0.00900901	, 0.0156006	, 0.00426136	, 0.00153374	, 0.00160514	, 0.0031348	, 0	, 0.0015748	, 0	, 0	, 0	, 0	, 0	, 0	, 0	, 0	, 0	, 0	, 0	, 0	, 0	, 0	, 0	, 0	, 0	, 0	, 0	, 0	, 0	, 0	, 0	, 0	, 0	, 0	, 0	, 0	, 0	, 0	, 0	, 0	, 0	, 0	, 0	, 0	, 0	, 0	, 0	, 0	, 0	, 0	, 0	, 0	, 0	, 0	, 0	, 0	, 0	, 0	, 0	, 0	, 0	, 0	, 0	, 0	, 0	, 0	, 0	}:
{0,	98	, 0	, 0	, 0	, 0	, 0	, 0	, 0	, 0	, 0	, 0	, 0	, 0	, 0	, 0	, 0	, 0	, 0	, 0.00180832	, 0.00170068	, 0.0017094	, 0.134087	, 0.178808	, 0.141694	, 0.13142	, 0.131455	, 0.10089	, 0.07739	, 0.0542169	, 0.0434783	, 0.0293686	, 0.0243205	, 0.0210843	, 0.015015	, 0.0171607	, 0.00852273	, 0.00153374	, 0.00481541	, 0.0031348	, 0	, 0	, 0	, 0	, 0	, 0	, 0	, 0	, 0	, 0	, 0	, 0	, 0	, 0	, 0	, 0	, 0	, 0	, 0	, 0	, 0	, 0	, 0	, 0	, 0	, 0	, 0	, 0	, 0	, 0	, 0	, 0	, 0	, 0	, 0	, 0	, 0	, 0	, 0	, 0	, 0	, 0	, 0	, 0	, 0	, 0	, 0	, 0	, 0	, 0	, 0	, 0	, 0	, 0	, 0	, 0	, 0	, 0	, 0	, 0	, 0	}:
{0,	98	, 0	, 0	, 0	, 0	, 0	, 0	, 0	, 0	, 0	, 0	, 0	, 0	, 0	, 0	, 0	, 0	, 0	, 0	, 0.00170068	, 0.0017094	, 0.00484653	, 0.13245	, 0.214984	, 0.178248	, 0.13928	, 0.111276	, 0.0895296	, 0.0813253	, 0.065967	, 0.0499266	, 0.0286123	, 0.0316265	, 0.018018	, 0.0171607	, 0.0227273	, 0.00613497	, 0.00642055	, 0.0015674	, 0	, 0.0015748	, 0	, 0	, 0	, 0	, 0	, 0	, 0	, 0	, 0	, 0	, 0	, 0	, 0	, 0	, 0	, 0	, 0	, 0	, 0	, 0	, 0	, 0	, 0	, 0	, 0	, 0	, 0	, 0	, 0	, 0	, 0	, 0	, 0	, 0	, 0	, 0	, 0	, 0	, 0	, 0	, 0	, 0	, 0	, 0	, 0	, 0	, 0	, 0	, 0	, 0	, 0	, 0	, 0	, 0	, 0	, 0	, 0	, 0	, 0	}:
{0,	98	, 0	, 0	, 0	, 0	, 0	, 0	, 0	, 0	, 0	, 0	, 0	, 0	, 0	, 0	, 0	, 0	, 0	, 0	, 0	, 0	, 0.00484653	, 0.00165563	, 0.0944625	, 0.18429	, 0.165884	, 0.136499	, 0.110774	, 0.0843373	, 0.0854573	, 0.061674	, 0.0543634	, 0.0466867	, 0.0285285	, 0.0343214	, 0.0184659	, 0.0245399	, 0.00963082	, 0.00783699	, 0.0085034	, 0.0015748	, 0	, 0	, 0	, 0	, 0	, 0	, 0	, 0	, 0	, 0	, 0	, 0	, 0	, 0	, 0	, 0	, 0	, 0	, 0	, 0	, 0	, 0	, 0	, 0	, 0	, 0	, 0	, 0	, 0	, 0	, 0	, 0	, 0	, 0	, 0	, 0	, 0	, 0	, 0	, 0	, 0	, 0	, 0	, 0	, 0	, 0	, 0	, 0	, 0	, 0	, 0	, 0	, 0	, 0	, 0	, 0	, 0	, 0	, 0	}:
{0,	98	, 0	, 0	, 0	, 0	, 0	, 0	, 0	, 0	, 0	, 0	, 0	, 0	, 0	, 0	, 0	, 0	, 0	, 0	, 0	, 0	, 0	, 0	, 0.00651466	, 0.0891239	, 0.173709	, 0.183976	, 0.122914	, 0.10241	, 0.106447	, 0.0748899	, 0.0729614	, 0.0662651	, 0.0510511	, 0.0374415	, 0.0326705	, 0.0184049	, 0.0160514	, 0.0141066	, 0.0255102	, 0.00629921	, 0.00761905	, 0	, 0	, 0	, 0	, 0	, 0	, 0	, 0	, 0	, 0	, 0	, 0	, 0	, 0	, 0	, 0	, 0	, 0	, 0	, 0	, 0	, 0	, 0	, 0	, 0	, 0	, 0	, 0	, 0	, 0	, 0	, 0	, 0	, 0	, 0	, 0	, 0	, 0	, 0	, 0	, 0	, 0	, 0	, 0	, 0	, 0	, 0	, 0	, 0	, 0	, 0	, 0	, 0	, 0	, 0	, 0	, 0	, 0	}:
{0,	98	, 0	, 0	, 0	, 0	, 0	, 0	, 0	, 0	, 0	, 0	, 0	, 0	, 0	, 0	, 0	, 0	, 0	, 0	, 0	, 0	, 0	, 0	, 0.00162866	, 0.00151057	, 0.0907668	, 0.178042	, 0.176024	, 0.141566	, 0.125937	, 0.127753	, 0.0758226	, 0.064759	, 0.0675676	, 0.0514821	, 0.0383523	, 0.0291411	, 0.0208668	, 0.0297806	, 0.0119048	, 0.0220472	, 0.00761905	, 0	, 0	, 0	, 0	, 0	, 0	, 0	, 0	, 0	, 0	, 0	, 0	, 0	, 0	, 0	, 0	, 0	, 0	, 0	, 0	, 0	, 0	, 0	, 0	, 0	, 0	, 0	, 0	, 0	, 0	, 0	, 0	, 0	, 0	, 0	, 0	, 0	, 0	, 0	, 0	, 0	, 0	, 0	, 0	, 0	, 0	, 0	, 0	, 0	, 0	, 0	, 0	, 0	, 0	, 0	, 0	, 0	, 0	}:
{0,	98	, 0	, 0	, 0	, 0	, 0	, 0	, 0	, 0	, 0	, 0	, 0	, 0	, 0	, 0	, 0	, 0	, 0	, 0	, 0	, 0	, 0	, 0	, 0.00162866	, 0	, 0.00469484	, 0.0534125	, 0.195751	, 0.161145	, 0.130435	, 0.092511	, 0.0987124	, 0.0783133	, 0.0615616	, 0.0670827	, 0.0397727	, 0.0383436	, 0.0497592	, 0.0329154	, 0.0272109	, 0.0110236	, 0.0152381	, 0	, 0	, 0	, 0	, 0	, 0	, 0	, 0	, 0	, 0	, 0	, 0	, 0	, 0	, 0	, 0	, 0	, 0	, 0	, 0	, 0	, 0	, 0	, 0	, 0	, 0	, 0	, 0	, 0	, 0	, 0	, 0	, 0	, 0	, 0	, 0	, 0	, 0	, 0	, 0	, 0	, 0	, 0	, 0	, 0	, 0	, 0	, 0	, 0	, 0	, 0	, 0	, 0	, 0	, 0	, 0	, 0	, 0	}:
{0,	98	, 0	, 0	, 0	, 0	, 0	, 0	, 0	, 0	, 0	, 0	, 0	, 0	, 0	, 0	, 0	, 0	, 0	, 0	, 0	, 0	, 0	, 0	, 0	, 0	, 0.00312989	, 0.00593472	, 0.0531108	, 0.179217	, 0.161919	, 0.129222	, 0.114449	, 0.0888554	, 0.0945946	, 0.0826833	, 0.0553977	, 0.0552147	, 0.0561798	, 0.0438871	, 0.0323129	, 0.0220472	, 0.0171429	, 0	, 0	, 0	, 0	, 0	, 0	, 0	, 0	, 0	, 0	, 0	, 0	, 0	, 0	, 0	, 0	, 0	, 0	, 0	, 0	, 0	, 0	, 0	, 0	, 0	, 0	, 0	, 0	, 0	, 0	, 0	, 0	, 0	, 0	, 0	, 0	, 0	, 0	, 0	, 0	, 0	, 0	, 0	, 0	, 0	, 0	, 0	, 0	, 0	, 0	, 0	, 0	, 0	, 0	, 0	, 0	, 0	, 0	}:
{0,	98	, 0	, 0	, 0	, 0	, 0	, 0	, 0	, 0	, 0	, 0	, 0	, 0	, 0	, 0	, 0	, 0	, 0	, 0	, 0	, 0	, 0	, 0.00165563	, 0	, 0	, 0.00156495	, 0	, 0.00758725	, 0.0587349	, 0.149925	, 0.160059	, 0.1402	, 0.118976	, 0.105105	, 0.0920437	, 0.0653409	, 0.0506135	, 0.0417335	, 0.0501567	, 0.0238095	, 0.0330709	, 0.0266667	, 0	, 0	, 0	, 0	, 0	, 0	, 0	, 0	, 0	, 0	, 0	, 0	, 0	, 0	, 0	, 0	, 0	, 0	, 0	, 0	, 0	, 0	, 0	, 0	, 0	, 0	, 0	, 0	, 0	, 0	, 0	, 0	, 0	, 0	, 0	, 0	, 0	, 0	, 0	, 0	, 0	, 0	, 0	, 0	, 0	, 0	, 0	, 0	, 0	, 0	, 0	, 0	, 0	, 0	, 0	, 0	, 0	, 0	}:
{0,	98	, 0	, 0	, 0	, 0	, 0	, 0	, 0	, 0	, 0	, 0	, 0	, 0	, 0	, 0	, 0	, 0	, 0	, 0	, 0	, 0	, 0	, 0	, 0	, 0	, 0	, 0	, 0.00151745	, 0.00451807	, 0.0404798	, 0.155653	, 0.141631	, 0.105422	, 0.102102	, 0.0842434	, 0.0809659	, 0.095092	, 0.0577849	, 0.0376176	, 0.0306122	, 0.0409449	, 0.0304762	, 0.125	, 0	, 0	, 0	, 0	, 0	, 0	, 0	, 0	, 0	, 0	, 0	, 0	, 0	, 0	, 0	, 0	, 0	, 0	, 0	, 0	, 0	, 0	, 0	, 0	, 0	, 0	, 0	, 0	, 0	, 0	, 0	, 0	, 0	, 0	, 0	, 0	, 0	, 0	, 0	, 0	, 0	, 0	, 0	, 0	, 0	, 0	, 0	, 0	, 0	, 0	, 0	, 0	, 0	, 0	, 0	, 0	, 0	}:
{0,	98	, 0	, 0	, 0	, 0	, 0	, 0	, 0	, 0	, 0	, 0	, 0	, 0	, 0	, 0	, 0	, 0	, 0	, 0	, 0	, 0	, 0	, 0	, 0	, 0	, 0	, 0	, 0	, 0.00150602	, 0.00149925	, 0.0396476	, 0.168813	, 0.146084	, 0.118619	, 0.107644	, 0.0823864	, 0.0812883	, 0.05939	, 0.0830721	, 0.042517	, 0.0519685	, 0.0380952	, 0.125	, 0	, 0	, 0	, 0	, 0	, 0	, 0	, 0	, 0	, 0	, 0	, 0	, 0	, 0	, 0	, 0	, 0	, 0	, 0	, 0	, 0	, 0	, 0	, 0	, 0	, 0	, 0	, 0	, 0	, 0	, 0	, 0	, 0	, 0	, 0	, 0	, 0	, 0	, 0	, 0	, 0	, 0	, 0	, 0	, 0	, 0	, 0	, 0	, 0	, 0	, 0	, 0	, 0	, 0	, 0	, 0	, 0	}:
{0,	98	, 0	, 0	, 0	, 0	, 0	, 0	, 0	, 0	, 0	, 0	, 0	, 0	, 0	, 0	, 0	, 0	, 0	, 0	, 0	, 0	, 0	, 0	, 0	, 0	, 0	, 0	, 0	, 0.00301205	, 0.00149925	, 0	, 0.0300429	, 0.162651	, 0.132132	, 0.123245	, 0.117898	, 0.0920245	, 0.0850722	, 0.0642633	, 0.0357143	, 0.0488189	, 0.0419048	, 0	, 0	, 0	, 0	, 0	, 0	, 0	, 0	, 0	, 0	, 0	, 0	, 0	, 0	, 0	, 0	, 0	, 0	, 0	, 0	, 0	, 0	, 0	, 0	, 0	, 0	, 0	, 0	, 0	, 0	, 0	, 0	, 0	, 0	, 0	, 0	, 0	, 0	, 0	, 0	, 0	, 0	, 0	, 0	, 0	, 0	, 0	, 0	, 0	, 0	, 0	, 0	, 0	, 0	, 0	, 0	, 0	, 0	}:
{0,	98	, 0	, 0	, 0	, 0	, 0	, 0	, 0	, 0	, 0	, 0	, 0	, 0	, 0	, 0	, 0	, 0	, 0	, 0	, 0	, 0	, 0	, 0	, 0	, 0	, 0	, 0	, 0	, 0	, 0	, 0.00440529	, 0.00572246	, 0.0316265	, 0.163664	, 0.115445	, 0.12642	, 0.131902	, 0.0914928	, 0.0940439	, 0.0765306	, 0.0629921	, 0.0457143	, 0	, 0	, 0	, 0	, 0	, 0	, 0	, 0	, 0	, 0	, 0	, 0	, 0	, 0	, 0	, 0	, 0	, 0	, 0	, 0	, 0	, 0	, 0	, 0	, 0	, 0	, 0	, 0	, 0	, 0	, 0	, 0	, 0	, 0	, 0	, 0	, 0	, 0	, 0	, 0	, 0	, 0	, 0	, 0	, 0	, 0	, 0	, 0	, 0	, 0	, 0	, 0	, 0	, 0	, 0	, 0	, 0	, 0	}:
{0,	98	, 0	, 0	, 0	, 0	, 0	, 0	, 0	, 0	, 0	, 0	, 0	, 0	, 0	, 0	, 0	, 0	, 0	, 0	, 0	, 0	, 0	, 0	, 0	, 0	, 0	, 0	, 0	, 0.00150602	, 0	, 0.00146843	, 0.00143062	, 0.00301205	, 0.018018	, 0.127925	, 0.159091	, 0.131902	, 0.0963082	, 0.100313	, 0.10034	, 0.0677165	, 0.0666667	, 0.0625	, 0	, 0	, 0	, 0	, 0	, 0	, 0	, 0	, 0	, 0	, 0	, 0	, 0	, 0	, 0	, 0	, 0	, 0	, 0	, 0	, 0	, 0	, 0	, 0	, 0	, 0	, 0	, 0	, 0	, 0	, 0	, 0	, 0	, 0	, 0	, 0	, 0	, 0	, 0	, 0	, 0	, 0	, 0	, 0	, 0	, 0	, 0	, 0	, 0	, 0	, 0	, 0	, 0	, 0	, 0	, 0	, 0	}:
{0,	98	, 0	, 0	, 0	, 0	, 0	, 0	, 0	, 0	, 0	, 0	, 0	, 0	, 0	, 0	, 0	, 0	, 0	, 0	, 0	, 0	, 0	, 0	, 0	, 0	, 0	, 0	, 0	, 0	, 0	, 0	, 0	, 0.00150602	, 0.0015015	, 0.0171607	, 0.127841	, 0.113497	, 0.141252	, 0.0940439	, 0.0969388	, 0.088189	, 0.0819048	, 0.125	, 0	, 0	, 0	, 0	, 0	, 0	, 0	, 0	, 0	, 0	, 0	, 0	, 0	, 0	, 0	, 0	, 0	, 0	, 0	, 0	, 0	, 0	, 0	, 0	, 0	, 0	, 0	, 0	, 0	, 0	, 0	, 0	, 0	, 0	, 0	, 0	, 0	, 0	, 0	, 0	, 0	, 0	, 0	, 0	, 0	, 0	, 0	, 0	, 0	, 0	, 0	, 0	, 0	, 0	, 0	, 0	, 0	}:
{0,	98	, 0	, 0	, 0	, 0	, 0	, 0	, 0	, 0	, 0	, 0	, 0	, 0	, 0	, 0	, 0	, 0	, 0	, 0	, 0	, 0	, 0	, 0	, 0	, 0	, 0	, 0	, 0	, 0	, 0	, 0	, 0.00143062	, 0.00150602	, 0	, 0	, 0.0113636	, 0.122699	, 0.120385	, 0.112853	, 0.142857	, 0.0929134	, 0.0952381	, 0.125	, 0	, 0	, 0	, 0	, 0	, 0	, 0	, 0	, 0	, 0	, 0	, 0	, 0	, 0	, 0	, 0	, 0	, 0	, 0	, 0	, 0	, 0	, 0	, 0	, 0	, 0	, 0	, 0	, 0	, 0	, 0	, 0	, 0	, 0	, 0	, 0	, 0	, 0	, 0	, 0	, 0	, 0	, 0	, 0	, 0	, 0	, 0	, 0	, 0	, 0	, 0	, 0	, 0	, 0	, 0	, 0	, 0	}:
{0,	98	, 0	, 0	, 0	, 0	, 0	, 0	, 0	, 0	, 0	, 0	, 0	, 0	, 0	, 0	, 0	, 0	, 0	, 0	, 0	, 0	, 0	, 0	, 0	, 0	, 0	, 0	, 0	, 0	, 0	, 0	, 0	, 0.00150602	, 0	, 0	, 0.00284091	, 0.00460123	, 0.133226	, 0.131661	, 0.113946	, 0.088189	, 0.102857	, 0.1875	, 0	, 0	, 0	, 0	, 0	, 0	, 0	, 0	, 0	, 0	, 0	, 0	, 0	, 0	, 0	, 0	, 0	, 0	, 0	, 0	, 0	, 0	, 0	, 0	, 0	, 0	, 0	, 0	, 0	, 0	, 0	, 0	, 0	, 0	, 0	, 0	, 0	, 0	, 0	, 0	, 0	, 0	, 0	, 0	, 0	, 0	, 0	, 0	, 0	, 0	, 0	, 0	, 0	, 0	, 0	, 0	, 0	}:
{0,	98	, 0	, 0	, 0	, 0	, 0	, 0	, 0	, 0	, 0	, 0	, 0	, 0	, 0	, 0	, 0	, 0	, 0	, 0	, 0	, 0	, 0	, 0	, 0	, 0	, 0	, 0	, 0	, 0	, 0	, 0	, 0	, 0	, 0	, 0	, 0	, 0	, 0.00481541	, 0.0924765	, 0.136054	, 0.148031	, 0.0914286	, 0.125	, 0	, 0	, 0	, 0	, 0	, 0	, 0	, 0	, 0	, 0	, 0	, 0	, 0	, 0	, 0	, 0	, 0	, 0	, 0	, 0	, 0	, 0	, 0	, 0	, 0	, 0	, 0	, 0	, 0	, 0	, 0	, 0	, 0	, 0	, 0	, 0	, 0	, 0	, 0	, 0	, 0	, 0	, 0	, 0	, 0	, 0	, 0	, 0	, 0	, 0	, 0	, 0	, 0	, 0	, 0	, 0	, 0	}:
{0,	98	, 0	, 0	, 0	, 0	, 0	, 0	, 0	, 0	, 0	, 0	, 0	, 0	, 0	, 0	, 0	, 0	, 0	, 0	, 0	, 0	, 0	, 0	, 0	, 0	, 0	, 0	, 0	, 0	, 0	, 0	, 0	, 0	, 0	, 0	, 0.00142045	, 0	, 0	, 0.0031348	, 0.0952381	, 0.127559	, 0.121905	, 0.0625	, 0	, 0	, 0	, 0	, 0	, 0	, 0	, 0	, 0	, 0	, 0	, 0	, 0	, 0	, 0	, 0	, 0	, 0	, 0	, 0	, 0	, 0	, 0	, 0	, 0	, 0	, 0	, 0	, 0	, 0	, 0	, 0	, 0	, 0	, 0	, 0	, 0	, 0	, 0	, 0	, 0	, 0	, 0	, 0	, 0	, 0	, 0	, 0	, 0	, 0	, 0	, 0	, 0	, 0	, 0	, 0	, 0	}:
{0,	98	, 0	, 0	, 0	, 0	, 0	, 0	, 0	, 0	, 0	, 0	, 0	, 0	, 0	, 0	, 0	, 0	, 0	, 0	, 0	, 0	, 0	, 0	, 0	, 0	, 0	, 0	, 0	, 0	, 0	, 0	, 0	, 0	, 0	, 0	, 0	, 0	, 0	, 0	, 0	, 0.0818898	, 0.146667	, 0.0625	, 0	, 0	, 0	, 0	, 0	, 0	, 0	, 0	, 0	, 0	, 0	, 0	, 0	, 0	, 0	, 0	, 0	, 0	, 0	, 0	, 0	, 0	, 0	, 0	, 0	, 0	, 0	, 0	, 0	, 0	, 0	, 0	, 0	, 0	, 0	, 0	, 0	, 0	, 0	, 0	, 0	, 0	, 0	, 0	, 0	, 0	, 0	, 0	, 0	, 0	, 0	, 0	, 0	, 0	, 0	, 0	, 0	}:
{0,	98	, 0	, 0	, 0	, 0	, 0	, 0	, 0	, 0	, 0	, 0	, 0	, 0	, 0	, 0	, 0	, 0	, 0	, 0	, 0	, 0	, 0	, 0	, 0	, 0	, 0	, 0	, 0	, 0	, 0	, 0	, 0	, 0	, 0.0015015	, 0	, 0.00142045	, 0	, 0	, 0	, 0	, 0.0015748	, 0.0628571	, 0	, 0	, 0	, 0	, 0	, 0	, 0	, 0	, 0	, 0	, 0	, 0	, 0	, 0	, 0	, 0	, 0	, 0	, 0	, 0	, 0	, 0	, 0	, 0	, 0	, 0	, 0	, 0	, 0	, 0	, 0	, 0	, 0	, 0	, 0	, 0	, 0	, 0	, 0	, 0	, 0	, 0	, 0	, 0	, 0	, 0	, 0	, 0	, 0	, 0	, 0	, 0	, 0	, 0	, 0	, 0	, 0	, 0	}:
{0,	98	, 0	, 0	, 0	, 0	, 0	, 0	, 0	, 0	, 0	, 0	, 0	, 0	, 0	, 0	, 0	, 0	, 0	, 0	, 0	, 0	, 0	, 0	, 0	, 0	, 0	, 0	, 0	, 0	, 0	, 0	, 0	, 0	, 0	, 0	, 0	, 0	, 0	, 0	, 0	, 0	, 0	, 0	, 0	, 0	, 0	, 0	, 0	, 0	, 0	, 0	, 0	, 0	, 0	, 0	, 0	, 0	, 0	, 0	, 0	, 0	, 0	, 0	, 0	, 0	, 0	, 0	, 0	, 0	, 0	, 0	, 0	, 0	, 0	, 0	, 0	, 0	, 0	, 0	, 0	, 0	, 0	, 0	, 0	, 0	, 0	, 0	, 0	, 0	, 0	, 0	, 0	, 0	, 0	, 0	, 0	, 0	, 0	, 0	, 0	}:
{0,	98	, 0	, 0	, 0	, 0	, 0	, 0	, 0	, 0	, 0	, 0	, 0	, 0	, 0	, 0	, 0	, 0	, 0	, 0	, 0	, 0	, 0	, 0	, 0	, 0	, 0	, 0	, 0	, 0	, 0	, 0	, 0	, 0	, 0	, 0	, 0	, 0	, 0	, 0	, 0	, 0	, 0	, 0	, 0	, 0	, 0	, 0	, 0	, 0	, 0	, 0	, 0	, 0	, 0	, 0	, 0	, 0	, 0	, 0	, 0	, 0	, 0	, 0	, 0	, 0	, 0	, 0	, 0	, 0	, 0	, 0	, 0	, 0	, 0	, 0	, 0	, 0	, 0	, 0	, 0	, 0	, 0	, 0	, 0	, 0	, 0	, 0	, 0	, 0	, 0	, 0	, 0	, 0	, 0	, 0	, 0	, 0	, 0	, 0	, 0	}:
{0,	98	, 0	, 0	, 0	, 0	, 0	, 0	, 0	, 0	, 0	, 0	, 0	, 0	, 0	, 0	, 0	, 0	, 0	, 0	, 0	, 0	, 0	, 0	, 0	, 0	, 0	, 0	, 0	, 0	, 0	, 0	, 0	, 0	, 0	, 0	, 0	, 0	, 0	, 0	, 0	, 0	, 0	, 0	, 0	, 0	, 0	, 0	, 0	, 0	, 0	, 0	, 0	, 0	, 0	, 0	, 0	, 0	, 0	, 0	, 0	, 0	, 0	, 0	, 0	, 0	, 0	, 0	, 0	, 0	, 0	, 0	, 0	, 0	, 0	, 0	, 0	, 0	, 0	, 0	, 0	, 0	, 0	, 0	, 0	, 0	, 0	, 0	, 0	, 0	, 0	, 0	, 0	, 0	, 0	, 0	, 0	, 0	, 0	, 0	, 0	}:
{0,	98	, 0	, 0	, 0	, 0	, 0	, 0	, 0	, 0	, 0	, 0	, 0	, 0	, 0	, 0	, 0	, 0	, 0	, 0	, 0	, 0	, 0	, 0	, 0	, 0	, 0	, 0	, 0	, 0	, 0	, 0	, 0	, 0	, 0	, 0	, 0	, 0	, 0	, 0	, 0	, 0	, 0	, 0	, 0	, 0	, 0	, 0	, 0	, 0	, 0	, 0	, 0	, 0	, 0	, 0	, 0	, 0	, 0	, 0	, 0	, 0	, 0	, 0	, 0	, 0	, 0	, 0	, 0	, 0	, 0	, 0	, 0	, 0	, 0	, 0	, 0	, 0	, 0	, 0	, 0	, 0	, 0	, 0	, 0	, 0	, 0	, 0	, 0	, 0	, 0	, 0	, 0	, 0	, 0	, 0	, 0	, 0	, 0	, 0	, 0	}:
{0,	98	, 0	, 0	, 0	, 0	, 0	, 0	, 0	, 0	, 0	, 0	, 0	, 0	, 0	, 0	, 0	, 0	, 0	, 0	, 0	, 0	, 0	, 0	, 0	, 0	, 0	, 0	, 0	, 0	, 0	, 0	, 0	, 0	, 0	, 0	, 0	, 0	, 0	, 0	, 0	, 0	, 0	, 0	, 0	, 0	, 0	, 0	, 0	, 0	, 0	, 0	, 0	, 0	, 0	, 0	, 0	, 0	, 0	, 0	, 0	, 0	, 0	, 0	, 0	, 0	, 0	, 0	, 0	, 0	, 0	, 0	, 0	, 0	, 0	, 0	, 0	, 0	, 0	, 0	, 0	, 0	, 0	, 0	, 0	, 0	, 0	, 0	, 0	, 0	, 0	, 0	, 0	, 0	, 0	, 0	, 0	, 0	, 0	, 0	, 0	}:
{0,	98	, 0	, 0	, 0	, 0	, 0	, 0	, 0	, 0	, 0	, 0	, 0	, 0	, 0	, 0	, 0	, 0	, 0	, 0	, 0	, 0	, 0	, 0	, 0	, 0	, 0	, 0	, 0	, 0	, 0	, 0	, 0	, 0	, 0	, 0	, 0	, 0	, 0	, 0	, 0	, 0	, 0	, 0	, 0	, 0	, 0	, 0	, 0	, 0	, 0	, 0	, 0	, 0	, 0	, 0	, 0	, 0	, 0	, 0	, 0	, 0	, 0	, 0	, 0	, 0	, 0	, 0	, 0	, 0	, 0	, 0	, 0	, 0	, 0	, 0	, 0	, 0	, 0	, 0	, 0	, 0	, 0	, 0	, 0	, 0	, 0	, 0	, 0	, 0	, 0	, 0	, 0	, 0	, 0	, 0	, 0	, 0	, 0	, 0	, 0	}:
{0,	98	, 0	, 0	, 0	, 0	, 0	, 0	, 0	, 0	, 0	, 0	, 0	, 0	, 0	, 0	, 0	, 0	, 0	, 0	, 0	, 0	, 0	, 0	, 0	, 0	, 0	, 0	, 0	, 0	, 0	, 0	, 0	, 0	, 0	, 0	, 0	, 0	, 0	, 0	, 0	, 0	, 0	, 0	, 0	, 0	, 0	, 0	, 0	, 0	, 0	, 0	, 0	, 0	, 0	, 0	, 0	, 0	, 0	, 0	, 0	, 0	, 0	, 0	, 0	, 0	, 0	, 0	, 0	, 0	, 0	, 0	, 0	, 0	, 0	, 0	, 0	, 0	, 0	, 0	, 0	, 0	, 0	, 0	, 0	, 0	, 0	, 0	, 0	, 0	, 0	, 0	, 0	, 0	, 0	, 0	, 0	, 0	, 0	, 0	, 0	}:
{0,	98	, 0	, 0	, 0	, 0	, 0	, 0	, 0	, 0	, 0	, 0	, 0	, 0	, 0	, 0	, 0	, 0	, 0	, 0	, 0	, 0	, 0	, 0	, 0	, 0	, 0	, 0	, 0	, 0	, 0	, 0	, 0	, 0	, 0	, 0	, 0	, 0	, 0	, 0	, 0	, 0	, 0	, 0	, 0	, 0	, 0	, 0	, 0	, 0	, 0	, 0	, 0	, 0	, 0	, 0	, 0	, 0	, 0	, 0	, 0	, 0	, 0	, 0	, 0	, 0	, 0	, 0	, 0	, 0	, 0	, 0	, 0	, 0	, 0	, 0	, 0	, 0	, 0	, 0	, 0	, 0	, 0	, 0	, 0	, 0	, 0	, 0	, 0	, 0	, 0	, 0	, 0	, 0	, 0	, 0	, 0	, 0	, 0	, 0	, 0	}:
{0,	98	, 0	, 0	, 0	, 0	, 0	, 0	, 0	, 0	, 0	, 0	, 0	, 0	, 0	, 0	, 0	, 0	, 0	, 0	, 0	, 0	, 0	, 0	, 0	, 0	, 0	, 0	, 0	, 0	, 0	, 0	, 0	, 0	, 0	, 0	, 0	, 0	, 0	, 0	, 0	, 0	, 0	, 0	, 0	, 0	, 0	, 0	, 0	, 0	, 0	, 0	, 0	, 0	, 0	, 0	, 0	, 0	, 0	, 0	, 0	, 0	, 0	, 0	, 0	, 0	, 0	, 0	, 0	, 0	, 0	, 0	, 0	, 0	, 0	, 0	, 0	, 0	, 0	, 0	, 0	, 0	, 0	, 0	, 0	, 0	, 0	, 0	, 0	, 0	, 0	, 0	, 0	, 0	, 0	, 0	, 0	, 0	, 0	, 0	, 0	}:
{0,	98	, 0	, 0	, 0	, 0	, 0	, 0	, 0	, 0	, 0	, 0	, 0	, 0	, 0	, 0	, 0	, 0	, 0	, 0	, 0	, 0	, 0	, 0	, 0	, 0	, 0	, 0	, 0	, 0	, 0	, 0	, 0	, 0	, 0	, 0	, 0	, 0	, 0	, 0	, 0	, 0	, 0	, 0	, 0	, 0	, 0	, 0	, 0	, 0	, 0	, 0	, 0	, 0	, 0	, 0	, 0	, 0	, 0	, 0	, 0	, 0	, 0	, 0	, 0	, 0	, 0	, 0	, 0	, 0	, 0	, 0	, 0	, 0	, 0	, 0	, 0	, 0	, 0	, 0	, 0	, 0	, 0	, 0	, 0	, 0	, 0	, 0	, 0	, 0	, 0	, 0	, 0	, 0	, 0	, 0	, 0	, 0	, 0	, 0	, 0	}:
{0,	98	, 0	, 0	, 0	, 0	, 0	, 0	, 0	, 0	, 0	, 0	, 0	, 0	, 0	, 0	, 0	, 0	, 0	, 0	, 0	, 0	, 0	, 0	, 0	, 0	, 0	, 0	, 0	, 0	, 0	, 0	, 0	, 0	, 0	, 0	, 0	, 0	, 0	, 0	, 0	, 0	, 0	, 0	, 0	, 0	, 0	, 0	, 0	, 0	, 0	, 0	, 0	, 0	, 0	, 0	, 0	, 0	, 0	, 0	, 0	, 0	, 0	, 0	, 0	, 0	, 0	, 0	, 0	, 0	, 0	, 0	, 0	, 0	, 0	, 0	, 0	, 0	, 0	, 0	, 0	, 0	, 0	, 0	, 0	, 0	, 0	, 0	, 0	, 0	, 0	, 0	, 0	, 0	, 0	, 0	, 0	, 0	, 0	, 0	, 0	}:
{0,	98	, 0	, 0	, 0	, 0	, 0	, 0	, 0	, 0	, 0	, 0	, 0	, 0	, 0	, 0	, 0	, 0	, 0	, 0	, 0	, 0	, 0	, 0	, 0	, 0	, 0	, 0	, 0	, 0	, 0	, 0	, 0	, 0	, 0	, 0	, 0	, 0	, 0	, 0	, 0	, 0	, 0	, 0	, 0	, 0	, 0	, 0	, 0	, 0	, 0	, 0	, 0	, 0	, 0	, 0	, 0	, 0	, 0	, 0	, 0	, 0	, 0	, 0	, 0	, 0	, 0	, 0	, 0	, 0	, 0	, 0	, 0	, 0	, 0	, 0	, 0	, 0	, 0	, 0	, 0	, 0	, 0	, 0	, 0	, 0	, 0	, 0	, 0	, 0	, 0	, 0	, 0	, 0	, 0	, 0	, 0	, 0	, 0	, 0	, 0	}:
{0,	98	, 0	, 0	, 0	, 0	, 0	, 0	, 0	, 0	, 0	, 0	, 0	, 0	, 0	, 0	, 0	, 0	, 0	, 0	, 0	, 0	, 0	, 0	, 0	, 0	, 0	, 0	, 0	, 0	, 0	, 0	, 0	, 0	, 0	, 0	, 0	, 0	, 0	, 0	, 0	, 0	, 0	, 0	, 0	, 0	, 0	, 0	, 0	, 0	, 0	, 0	, 0	, 0	, 0	, 0	, 0	, 0	, 0	, 0	, 0	, 0	, 0	, 0	, 0	, 0	, 0	, 0	, 0	, 0	, 0	, 0	, 0	, 0	, 0	, 0	, 0	, 0	, 0	, 0	, 0	, 0	, 0	, 0	, 0	, 0	, 0	, 0	, 0	, 0	, 0	, 0	, 0	, 0	, 0	, 0	, 0	, 0	, 0	, 0	, 0	}:
{0,	98	, 0	, 0	, 0	, 0	, 0	, 0	, 0	, 0	, 0	, 0	, 0	, 0	, 0	, 0	, 0	, 0	, 0	, 0	, 0	, 0	, 0	, 0	, 0	, 0	, 0	, 0	, 0	, 0	, 0	, 0	, 0	, 0	, 0	, 0	, 0	, 0	, 0	, 0	, 0	, 0	, 0	, 0	, 0	, 0	, 0	, 0	, 0	, 0	, 0	, 0	, 0	, 0	, 0	, 0	, 0	, 0	, 0	, 0	, 0	, 0	, 0	, 0	, 0	, 0	, 0	, 0	, 0	, 0	, 0	, 0	, 0	, 0	, 0	, 0	, 0	, 0	, 0	, 0	, 0	, 0	, 0	, 0	, 0	, 0	, 0	, 0	, 0	, 0	, 0	, 0	, 0	, 0	, 0	, 0	, 0	, 0	, 0	, 0	, 0	}:
{0,	98	, 0	, 0	, 0	, 0	, 0	, 0	, 0	, 0	, 0	, 0	, 0	, 0	, 0	, 0	, 0	, 0	, 0	, 0	, 0	, 0	, 0	, 0	, 0	, 0	, 0	, 0	, 0	, 0	, 0	, 0	, 0	, 0	, 0	, 0	, 0	, 0	, 0	, 0	, 0	, 0	, 0	, 0	, 0	, 0	, 0	, 0	, 0	, 0	, 0	, 0	, 0	, 0	, 0	, 0	, 0	, 0	, 0	, 0	, 0	, 0	, 0	, 0	, 0	, 0	, 0	, 0	, 0	, 0	, 0	, 0	, 0	, 0	, 0	, 0	, 0	, 0	, 0	, 0	, 0	, 0	, 0	, 0	, 0	, 0	, 0	, 0	, 0	, 0	, 0	, 0	, 0	, 0	, 0	, 0	, 0	, 0	, 0	, 0	, 0	}:
{0,	98	, 0	, 0	, 0	, 0	, 0	, 0	, 0	, 0	, 0	, 0	, 0	, 0	, 0	, 0	, 0	, 0	, 0	, 0	, 0	, 0	, 0	, 0	, 0	, 0	, 0	, 0	, 0	, 0	, 0	, 0	, 0	, 0	, 0	, 0	, 0	, 0	, 0	, 0	, 0	, 0	, 0	, 0	, 0	, 0	, 0	, 0	, 0	, 0	, 0	, 0	, 0	, 0	, 0	, 0	, 0	, 0	, 0	, 0	, 0	, 0	, 0	, 0	, 0	, 0	, 0	, 0	, 0	, 0	, 0	, 0	, 0	, 0	, 0	, 0	, 0	, 0	, 0	, 0	, 0	, 0	, 0	, 0	, 0	, 0	, 0	, 0	, 0	, 0	, 0	, 0	, 0	, 0	, 0	, 0	, 0	, 0	, 0	, 0	, 0	}:
{0,	98	, 0	, 0	, 0	, 0	, 0	, 0	, 0	, 0	, 0	, 0	, 0	, 0	, 0	, 0	, 0	, 0	, 0	, 0	, 0	, 0	, 0	, 0	, 0	, 0	, 0	, 0	, 0	, 0	, 0	, 0	, 0	, 0	, 0	, 0	, 0	, 0	, 0	, 0	, 0	, 0	, 0	, 0	, 0	, 0	, 0	, 0	, 0	, 0	, 0	, 0	, 0	, 0	, 0	, 0	, 0	, 0	, 0	, 0	, 0	, 0	, 0	, 0	, 0	, 0	, 0	, 0	, 0	, 0	, 0	, 0	, 0	, 0	, 0	, 0	, 0	, 0	, 0	, 0	, 0	, 0	, 0	, 0	, 0	, 0	, 0	, 0	, 0	, 0	, 0	, 0	, 0	, 0	, 0	, 0	, 0	, 0	, 0	, 0	, 0	}:
{0,	98	, 0	, 0	, 0	, 0	, 0	, 0	, 0	, 0	, 0	, 0	, 0	, 0	, 0	, 0	, 0	, 0	, 0	, 0	, 0	, 0	, 0	, 0	, 0	, 0	, 0	, 0	, 0	, 0	, 0	, 0	, 0	, 0	, 0	, 0	, 0	, 0	, 0	, 0	, 0	, 0	, 0	, 0	, 0	, 0	, 0	, 0	, 0	, 0	, 0	, 0	, 0	, 0	, 0	, 0	, 0	, 0	, 0	, 0	, 0	, 0	, 0	, 0	, 0	, 0	, 0	, 0	, 0	, 0	, 0	, 0	, 0	, 0	, 0	, 0	, 0	, 0	, 0	, 0	, 0	, 0	, 0	, 0	, 0	, 0	, 0	, 0	, 0	, 0	, 0	, 0	, 0	, 0	, 0	, 0	, 0	, 0	, 0	, 0	, 0	}:
{0,	98	, 0	, 0	, 0	, 0	, 0	, 0	, 0	, 0	, 0	, 0	, 0	, 0	, 0	, 0	, 0	, 0	, 0	, 0	, 0	, 0	, 0	, 0	, 0	, 0	, 0	, 0	, 0	, 0	, 0	, 0	, 0	, 0	, 0	, 0	, 0	, 0	, 0	, 0	, 0	, 0	, 0	, 0	, 0	, 0	, 0	, 0	, 0	, 0	, 0	, 0	, 0	, 0	, 0	, 0	, 0	, 0	, 0	, 0	, 0	, 0	, 0	, 0	, 0	, 0	, 0	, 0	, 0	, 0	, 0	, 0	, 0	, 0	, 0	, 0	, 0	, 0	, 0	, 0	, 0	, 0	, 0	, 0	, 0	, 0	, 0	, 0	, 0	, 0	, 0	, 0	, 0	, 0	, 0	, 0	, 0	, 0	, 0	, 0	, 0	}:
{0,	98	, 0	, 0	, 0	, 0	, 0	, 0	, 0	, 0	, 0	, 0	, 0	, 0	, 0	, 0	, 0	, 0	, 0	, 0	, 0	, 0	, 0	, 0	, 0	, 0	, 0	, 0	, 0	, 0	, 0	, 0	, 0	, 0	, 0	, 0	, 0	, 0	, 0	, 0	, 0	, 0	, 0	, 0	, 0	, 0	, 0	, 0	, 0	, 0	, 0	, 0	, 0	, 0	, 0	, 0	, 0	, 0	, 0	, 0	, 0	, 0	, 0	, 0	, 0	, 0	, 0	, 0	, 0	, 0	, 0	, 0	, 0	, 0	, 0	, 0	, 0	, 0	, 0	, 0	, 0	, 0	, 0	, 0	, 0	, 0	, 0	, 0	, 0	, 0	, 0	, 0	, 0	, 0	, 0	, 0	, 0	, 0	, 0	, 0	, 0	}:
{0,	98	, 0	, 0	, 0	, 0	, 0	, 0	, 0	, 0	, 0	, 0	, 0	, 0	, 0	, 0	, 0	, 0	, 0	, 0	, 0	, 0	, 0	, 0	, 0	, 0	, 0	, 0	, 0	, 0	, 0	, 0	, 0	, 0	, 0	, 0	, 0	, 0	, 0	, 0	, 0	, 0	, 0	, 0	, 0	, 0	, 0	, 0	, 0	, 0	, 0	, 0	, 0	, 0	, 0	, 0	, 0	, 0	, 0	, 0	, 0	, 0	, 0	, 0	, 0	, 0	, 0	, 0	, 0	, 0	, 0	, 0	, 0	, 0	, 0	, 0	, 0	, 0	, 0	, 0	, 0	, 0	, 0	, 0	, 0	, 0	, 0	, 0	, 0	, 0	, 0	, 0	, 0	, 0	, 0	, 0	, 0	, 0	, 0	, 0	, 0	}:
{0,	98	, 0	, 0	, 0	, 0	, 0	, 0	, 0	, 0	, 0	, 0	, 0	, 0	, 0	, 0	, 0	, 0	, 0	, 0	, 0	, 0	, 0	, 0	, 0	, 0	, 0	, 0	, 0	, 0	, 0	, 0	, 0	, 0	, 0	, 0	, 0	, 0	, 0	, 0	, 0	, 0	, 0	, 0	, 0	, 0	, 0	, 0	, 0	, 0	, 0	, 0	, 0	, 0	, 0	, 0	, 0	, 0	, 0	, 0	, 0	, 0	, 0	, 0	, 0	, 0	, 0	, 0	, 0	, 0	, 0	, 0	, 0	, 0	, 0	, 0	, 0	, 0	, 0	, 0	, 0	, 0	, 0	, 0	, 0	, 0	, 0	, 0	, 0	, 0	, 0	, 0	, 0	, 0	, 0	, 0	, 0	, 0	, 0	, 0	, 0	}:
{0,	98	, 0	, 0	, 0	, 0	, 0	, 0	, 0	, 0	, 0	, 0	, 0	, 0	, 0	, 0	, 0	, 0	, 0	, 0	, 0	, 0	, 0	, 0	, 0	, 0	, 0	, 0	, 0	, 0	, 0	, 0	, 0	, 0	, 0	, 0	, 0	, 0	, 0	, 0	, 0	, 0	, 0	, 0	, 0	, 0	, 0	, 0	, 0	, 0	, 0	, 0	, 0	, 0	, 0	, 0	, 0	, 0	, 0	, 0	, 0	, 0	, 0	, 0	, 0	, 0	, 0	, 0	, 0	, 0	, 0	, 0	, 0	, 0	, 0	, 0	, 0	, 0	, 0	, 0	, 0	, 0	, 0	, 0	, 0	, 0	, 0	, 0	, 0	, 0	, 0	, 0	, 0	, 0	, 0	, 0	, 0	, 0	, 0	, 0	, 0	}:
{0,	98	, 0	, 0	, 0	, 0	, 0	, 0	, 0	, 0	, 0	, 0	, 0	, 0	, 0	, 0	, 0	, 0	, 0	, 0	, 0	, 0	, 0	, 0	, 0	, 0	, 0	, 0	, 0	, 0	, 0	, 0	, 0	, 0	, 0	, 0	, 0	, 0	, 0	, 0	, 0	, 0	, 0	, 0	, 0	, 0	, 0	, 0	, 0	, 0	, 0	, 0	, 0	, 0	, 0	, 0	, 0	, 0	, 0	, 0	, 0	, 0	, 0	, 0	, 0	, 0	, 0	, 0	, 0	, 0	, 0	, 0	, 0	, 0	, 0	, 0	, 0	, 0	, 0	, 0	, 0	, 0	, 0	, 0	, 0	, 0	, 0	, 0	, 0	, 0	, 0	, 0	, 0	, 0	, 0	, 0	, 0	, 0	, 0	, 0	, 0	}:
{0,	98	, 0	, 0	, 0	, 0	, 0	, 0	, 0	, 0	, 0	, 0	, 0	, 0	, 0	, 0	, 0	, 0	, 0	, 0	, 0	, 0	, 0	, 0	, 0	, 0	, 0	, 0	, 0	, 0	, 0	, 0	, 0	, 0	, 0	, 0	, 0	, 0	, 0	, 0	, 0	, 0	, 0	, 0	, 0	, 0	, 0	, 0	, 0	, 0	, 0	, 0	, 0	, 0	, 0	, 0	, 0	, 0	, 0	, 0	, 0	, 0	, 0	, 0	, 0	, 0	, 0	, 0	, 0	, 0	, 0	, 0	, 0	, 0	, 0	, 0	, 0	, 0	, 0	, 0	, 0	, 0	, 0	, 0	, 0	, 0	, 0	, 0	, 0	, 0	, 0	, 0	, 0	, 0	, 0	, 0	, 0	, 0	, 0	, 0	, 0	}:
{0,	98	, 0	, 0	, 0	, 0	, 0	, 0	, 0	, 0	, 0	, 0	, 0	, 0	, 0	, 0	, 0	, 0	, 0	, 0	, 0	, 0	, 0	, 0	, 0	, 0	, 0	, 0	, 0	, 0	, 0	, 0	, 0	, 0	, 0	, 0	, 0	, 0	, 0	, 0	, 0	, 0	, 0	, 0	, 0	, 0	, 0	, 0	, 0	, 0	, 0	, 0	, 0	, 0	, 0	, 0	, 0	, 0	, 0	, 0	, 0	, 0	, 0	, 0	, 0	, 0	, 0	, 0	, 0	, 0	, 0	, 0	, 0	, 0	, 0	, 0	, 0	, 0	, 0	, 0	, 0	, 0	, 0	, 0	, 0	, 0	, 0	, 0	, 0	, 0	, 0	, 0	, 0	, 0	, 0	, 0	, 0	, 0	, 0	, 0	, 0	}:
{0,	98	, 0	, 0	, 0	, 0	, 0	, 0	, 0	, 0	, 0	, 0	, 0	, 0	, 0	, 0	, 0	, 0	, 0	, 0	, 0	, 0	, 0	, 0	, 0	, 0	, 0	, 0	, 0	, 0	, 0	, 0	, 0	, 0	, 0	, 0	, 0	, 0	, 0	, 0	, 0	, 0	, 0	, 0	, 0	, 0	, 0	, 0	, 0	, 0	, 0	, 0	, 0	, 0	, 0	, 0	, 0	, 0	, 0	, 0	, 0	, 0	, 0	, 0	, 0	, 0	, 0	, 0	, 0	, 0	, 0	, 0	, 0	, 0	, 0	, 0	, 0	, 0	, 0	, 0	, 0	, 0	, 0	, 0	, 0	, 0	, 0	, 0	, 0	, 0	, 0	, 0	, 0	, 0	, 0	, 0	, 0	, 0	, 0	, 0	, 0	}:
{0,	98	, 0	, 0	, 0	, 0	, 0	, 0	, 0	, 0	, 0	, 0	, 0	, 0	, 0	, 0	, 0	, 0	, 0	, 0	, 0	, 0	, 0	, 0	, 0	, 0	, 0	, 0	, 0	, 0	, 0	, 0	, 0	, 0	, 0	, 0	, 0	, 0	, 0	, 0	, 0	, 0	, 0	, 0	, 0	, 0	, 0	, 0	, 0	, 0	, 0	, 0	, 0	, 0	, 0	, 0	, 0	, 0	, 0	, 0	, 0	, 0	, 0	, 0	, 0	, 0	, 0	, 0	, 0	, 0	, 0	, 0	, 0	, 0	, 0	, 0	, 0	, 0	, 0	, 0	, 0	, 0	, 0	, 0	, 0	, 0	, 0	, 0	, 0	, 0	, 0	, 0	, 0	, 0	, 0	, 0	, 0	, 0	, 0	, 0	, 0	}:
{0,	98	, 0	, 0	, 0	, 0	, 0	, 0	, 0	, 0	, 0	, 0	, 0	, 0	, 0	, 0	, 0	, 0	, 0	, 0	, 0	, 0	, 0	, 0	, 0	, 0	, 0	, 0	, 0	, 0	, 0	, 0	, 0	, 0	, 0	, 0	, 0	, 0	, 0	, 0	, 0	, 0	, 0	, 0	, 0	, 0	, 0	, 0	, 0	, 0	, 0	, 0	, 0	, 0	, 0	, 0	, 0	, 0	, 0	, 0	, 0	, 0	, 0	, 0	, 0	, 0	, 0	, 0	, 0	, 0	, 0	, 0	, 0	, 0	, 0	, 0	, 0	, 0	, 0	, 0	, 0	, 0	, 0	, 0	, 0	, 0	, 0	, 0	, 0	, 0	, 0	, 0	, 0	, 0	, 0	, 0	, 0	, 0	, 0	, 0	, 0	}:
{0,	98	, 0	, 0	, 0	, 0	, 0	, 0	, 0	, 0	, 0	, 0	, 0	, 0	, 0	, 0	, 0	, 0	, 0	, 0	, 0	, 0	, 0	, 0	, 0	, 0	, 0	, 0	, 0	, 0	, 0	, 0	, 0	, 0	, 0	, 0	, 0	, 0	, 0	, 0	, 0	, 0	, 0	, 0	, 0	, 0	, 0	, 0	, 0	, 0	, 0	, 0	, 0	, 0	, 0	, 0	, 0	, 0	, 0	, 0	, 0	, 0	, 0	, 0	, 0	, 0	, 0	, 0	, 0	, 0	, 0	, 0	, 0	, 0	, 0	, 0	, 0	, 0	, 0	, 0	, 0	, 0	, 0	, 0	, 0	, 0	, 0	, 0	, 0	, 0	, 0	, 0	, 0	, 0	, 0	, 0	, 0	, 0	, 0	, 0	, 0	}:
{0,	98	, 0	, 0	, 0	, 0	, 0	, 0	, 0	, 0	, 0	, 0	, 0	, 0	, 0	, 0	, 0	, 0	, 0	, 0	, 0	, 0	, 0	, 0	, 0	, 0	, 0	, 0	, 0	, 0	, 0	, 0	, 0	, 0	, 0	, 0	, 0	, 0	, 0	, 0	, 0	, 0	, 0	, 0	, 0	, 0	, 0	, 0	, 0	, 0	, 0	, 0	, 0	, 0	, 0	, 0	, 0	, 0	, 0	, 0	, 0	, 0	, 0	, 0	, 0	, 0	, 0	, 0	, 0	, 0	, 0	, 0	, 0	, 0	, 0	, 0	, 0	, 0	, 0	, 0	, 0	, 0	, 0	, 0	, 0	, 0	, 0	, 0	, 0	, 0	, 0	, 0	, 0	, 0	, 0	, 0	, 0	, 0	, 0	, 0	, 0	}:
{0,	98	, 0	, 0	, 0	, 0	, 0	, 0	, 0	, 0	, 0	, 0	, 0	, 0	, 0	, 0	, 0	, 0	, 0	, 0	, 0	, 0	, 0	, 0	, 0	, 0	, 0	, 0	, 0	, 0	, 0	, 0	, 0	, 0	, 0	, 0	, 0	, 0	, 0	, 0	, 0	, 0	, 0	, 0	, 0	, 0	, 0	, 0	, 0	, 0	, 0	, 0	, 0	, 0	, 0	, 0	, 0	, 0	, 0	, 0	, 0	, 0	, 0	, 0	, 0	, 0	, 0	, 0	, 0	, 0	, 0	, 0	, 0	, 0	, 0	, 0	, 0	, 0	, 0	, 0	, 0	, 0	, 0	, 0	, 0	, 0	, 0	, 0	, 0	, 0	, 0	, 0	, 0	, 0	, 0	, 0	, 0	, 0	, 0	, 0	, 0	}:
{0,	98	, 0	, 0	, 0	, 0	, 0	, 0	, 0	, 0	, 0	, 0	, 0	, 0	, 0	, 0	, 0	, 0	, 0	, 0	, 0	, 0	, 0	, 0	, 0	, 0	, 0	, 0	, 0	, 0	, 0	, 0	, 0	, 0	, 0	, 0	, 0	, 0	, 0	, 0	, 0	, 0	, 0	, 0	, 0	, 0	, 0	, 0	, 0	, 0	, 0	, 0	, 0	, 0	, 0	, 0	, 0	, 0	, 0	, 0	, 0	, 0	, 0	, 0	, 0	, 0	, 0	, 0	, 0	, 0	, 0	, 0	, 0	, 0	, 0	, 0	, 0	, 0	, 0	, 0	, 0	, 0	, 0	, 0	, 0	, 0	, 0	, 0	, 0	, 0	, 0	, 0	, 0	, 0	, 0	, 0	, 0	, 0	, 0	, 0	, 0	}:
{0,	98	, 0	, 0	, 0	, 0	, 0	, 0	, 0	, 0	, 0	, 0	, 0	, 0	, 0	, 0	, 0	, 0	, 0	, 0	, 0	, 0	, 0	, 0	, 0	, 0	, 0	, 0	, 0	, 0	, 0	, 0	, 0	, 0	, 0	, 0	, 0	, 0	, 0	, 0	, 0	, 0	, 0	, 0	, 0	, 0	, 0	, 0	, 0	, 0	, 0	, 0	, 0	, 0	, 0	, 0	, 0	, 0	, 0	, 0	, 0	, 0	, 0	, 0	, 0	, 0	, 0	, 0	, 0	, 0	, 0	, 0	, 0	, 0	, 0	, 0	, 0	, 0	, 0	, 0	, 0	, 0	, 0	, 0	, 0	, 0	, 0	, 0	, 0	, 0	, 0	, 0	, 0	, 0	, 0	, 0	, 0	, 0	, 0	, 0	, 0	}:
{0,	98	, 0	, 0	, 0	, 0	, 0	, 0	, 0	, 0	, 0	, 0	, 0	, 0	, 0	, 0	, 0	, 0	, 0	, 0	, 0	, 0	, 0	, 0	, 0	, 0	, 0	, 0	, 0	, 0	, 0	, 0	, 0	, 0	, 0	, 0	, 0	, 0	, 0	, 0	, 0	, 0	, 0	, 0	, 0	, 0	, 0	, 0	, 0	, 0	, 0	, 0	, 0	, 0	, 0	, 0	, 0	, 0	, 0	, 0	, 0	, 0	, 0	, 0	, 0	, 0	, 0	, 0	, 0	, 0	, 0	, 0	, 0	, 0	, 0	, 0	, 0	, 0	, 0	, 0	, 0	, 0	, 0	, 0	, 0	, 0	, 0	, 0	, 0	, 0	, 0	, 0	, 0	, 0	, 0	, 0	, 0	, 0	, 0	, 0	, 0	}:
{0,	98	, 0	, 0	, 0	, 0	, 0	, 0	, 0	, 0	, 0	, 0	, 0	, 0	, 0	, 0	, 0	, 0	, 0	, 0	, 0	, 0	, 0	, 0	, 0	, 0	, 0	, 0	, 0	, 0	, 0	, 0	, 0	, 0	, 0	, 0	, 0	, 0	, 0	, 0	, 0	, 0	, 0	, 0	, 0	, 0	, 0	, 0	, 0	, 0	, 0	, 0	, 0	, 0	, 0	, 0	, 0	, 0	, 0	, 0	, 0	, 0	, 0	, 0	, 0	, 0	, 0	, 0	, 0	, 0	, 0	, 0	, 0	, 0	, 0	, 0	, 0	, 0	, 0	, 0	, 0	, 0	, 0	, 0	, 0	, 0	, 0	, 0	, 0	, 0	, 0	, 0	, 0	, 0	, 0	, 0	, 0	, 0	, 0	, 0	, 0	}:
{0,	98	, 0	, 0	, 0	, 0	, 0	, 0	, 0	, 0	, 0	, 0	, 0	, 0	, 0	, 0	, 0	, 0	, 0	, 0	, 0	, 0	, 0	, 0	, 0	, 0	, 0	, 0	, 0	, 0	, 0	, 0	, 0	, 0	, 0	, 0	, 0	, 0	, 0	, 0	, 0	, 0	, 0	, 0	, 0	, 0	, 0	, 0	, 0	, 0	, 0	, 0	, 0	, 0	, 0	, 0	, 0	, 0	, 0	, 0	, 0	, 0	, 0	, 0	, 0	, 0	, 0	, 0	, 0	, 0	, 0	, 0	, 0	, 0	, 0	, 0	, 0	, 0	, 0	, 0	, 0	, 0	, 0	, 0	, 0	, 0	, 0	, 0	, 0	, 0	, 0	, 0	, 0	, 0	, 0	, 0	, 0	, 0	, 0	, 0	, 0	}:
{0,	98	, 0	, 0	, 0	, 0	, 0	, 0	, 0	, 0	, 0	, 0	, 0	, 0	, 0	, 0	, 0	, 0	, 0	, 0	, 0	, 0	, 0	, 0	, 0	, 0	, 0	, 0	, 0	, 0	, 0	, 0	, 0	, 0	, 0	, 0	, 0	, 0	, 0	, 0	, 0	, 0	, 0	, 0	, 0	, 0	, 0	, 0	, 0	, 0	, 0	, 0	, 0	, 0	, 0	, 0	, 0	, 0	, 0	, 0	, 0	, 0	, 0	, 0	, 0	, 0	, 0	, 0	, 0	, 0	, 0	, 0	, 0	, 0	, 0	, 0	, 0	, 0	, 0	, 0	, 0	, 0	, 0	, 0	, 0	, 0	, 0	, 0	, 0	, 0	, 0	, 0	, 0	, 0	, 0	, 0	, 0	, 0	, 0	, 0	, 0	}:
{0,	98	, 0	, 0	, 0	, 0	, 0	, 0	, 0	, 0	, 0	, 0	, 0	, 0	, 0	, 0	, 0	, 0	, 0	, 0	, 0	, 0	, 0	, 0	, 0	, 0	, 0	, 0	, 0	, 0	, 0	, 0	, 0	, 0	, 0	, 0	, 0	, 0	, 0	, 0	, 0	, 0	, 0	, 0	, 0	, 0	, 0	, 0	, 0	, 0	, 0	, 0	, 0	, 0	, 0	, 0	, 0	, 0	, 0	, 0	, 0	, 0	, 0	, 0	, 0	, 0	, 0	, 0	, 0	, 0	, 0	, 0	, 0	, 0	, 0	, 0	, 0	, 0	, 0	, 0	, 0	, 0	, 0	, 0	, 0	, 0	, 0	, 0	, 0	, 0	, 0	, 0	, 0	, 0	, 0	, 0	, 0	, 0	, 0	, 0	, 0	}:
{0,	98	, 0	, 0	, 0	, 0	, 0	, 0	, 0	, 0	, 0	, 0	, 0	, 0	, 0	, 0	, 0	, 0	, 0	, 0	, 0	, 0	, 0	, 0	, 0	, 0	, 0	, 0	, 0	, 0	, 0	, 0	, 0	, 0	, 0	, 0	, 0	, 0	, 0	, 0	, 0	, 0	, 0	, 0	, 0	, 0	, 0	, 0	, 0	, 0	, 0	, 0	, 0	, 0	, 0	, 0	, 0	, 0	, 0	, 0	, 0	, 0	, 0	, 0	, 0	, 0	, 0	, 0	, 0	, 0	, 0	, 0	, 0	, 0	, 0	, 0	, 0	, 0	, 0	, 0	, 0	, 0	, 0	, 0	, 0	, 0	, 0	, 0	, 0	, 0	, 0	, 0	, 0	, 0	, 0	, 0	, 0	, 0	, 0	, 0	, 0	}:
{0,	98	, 0	, 0	, 0	, 0	, 0	, 0	, 0	, 0	, 0	, 0	, 0	, 0	, 0	, 0	, 0	, 0	, 0	, 0	, 0	, 0	, 0	, 0	, 0	, 0	, 0	, 0	, 0	, 0	, 0	, 0	, 0	, 0	, 0	, 0	, 0	, 0	, 0	, 0	, 0	, 0	, 0	, 0	, 0	, 0	, 0	, 0	, 0	, 0	, 0	, 0	, 0	, 0	, 0	, 0	, 0	, 0	, 0	, 0	, 0	, 0	, 0	, 0	, 0	, 0	, 0	, 0	, 0	, 0	, 0	, 0	, 0	, 0	, 0	, 0	, 0	, 0	, 0	, 0	, 0	, 0	, 0	, 0	, 0	, 0	, 0	, 0	, 0	, 0	, 0	, 0	, 0	, 0	, 0	, 0	, 0	, 0	, 0	, 0	, 0	};
>